8 12
1.0 -1.0 4.0
2.0 -1.0 4.0
2.0 -1.0 5.0
1.0 -1.0 5.0
1.0 1.0 4.0
2.0 1.0 4.0
2.0 1.0 5.0
1.0 1.0 5.0
0 1
1 2
2 3
3 0
4 5
5 6
6 7
7 4
0 4
1 5
2 6
3 7

8 12
-1.0 -1.0 4.0
-2.0 -1.0 4.0
-2.0 -1.0 5.0
-1.0 -1.0 5.0
-1.0 1.0 4.0
-2.0 1.0 4.0
-2.0 1.0 5.0
-1.0 1.0 5.0
0 1
1 2
2 3
3 0
4 5
5 6
6 7
7 4
0 4
1 5
2 6
3 7

8 12
1.0 -1.0 7.0
2.0 -1.0 7.0
2.0 -1.0 8.0
1.0 -1.0 8.0
1.0 1.0 7.0
2.0 1.0 7.0
2.0 1.0 8.0
1.0 1.0 8.0
0 1
1 2
2 3
3 0
4 5
5 6
6 7
7 4
0 4
1 5
2 6
3 7

8 12
-1.0 -1.0 7.0
-2.0 -1.0 7.0
-2.0 -1.0 8.0
-1.0 -1.0 8.0
-1.0 1.0 7.0
-2.0 1.0 7.0
-2.0 1.0 8.0
-1.0 1.0 8.0
0 1
1 2
2 3
3 0
4 5
5 6
6 7
7 4
0 4
1 5
2 6
3 7
